200	10	10000	1
0	217	25
0	945	20
0	908	18
0	140	21
0	292	19
0	345	13
0	904	20
0	700	14
0	531	27
0	265	23
1280
531
1243
1448
1373
1250
980
732
1123
1472
1114
585
963
616
942
730
1036
1396
1399
1021
1011
1242
828
610
1186
1367
761
1105
1444
685
533
797
764
813
1379
855
1004
1190
740
848
1064
916
849
1079
1447
924
610
903
1328
1150
671
1474
906
536
1261
758
971
518
1301
586
673
889
1348
1307
772
1202
1040
1066
853
1193
1019
991
1289
1323
1315
1500
1057
961
628
1104
887
1105
798
1063
1475
690
810
1431
1316
1272
755
1172
1163
560
817
1421
718
718
1361
1475
873
968
1347
1423
623
1403
1026
992
1332
924
689
965
1322
705
1277
876
983
529
509
1492
1458
1261
1033
737
710
819
851
1194
1175
1190
1460
1392
847
1357
1300
593
1007
596
1212
1282
1461
1279
1101
588
879
861
923
839
1008
1298
526
926
1417
1366
875
1179
672
1052
1175
892
1031
1083
704
501
1317
761
759
956
1500
508
803
1454
852
996
1432
1114
1077
637
943
902
815
1107
1475
1053
1305
1063
612
1488
904
926
1485
1347
710
833
1330
1388
638
1129
578
512
