100	10	10000	10
-1	885	10
-5	159	14
-4	907	6
-2	792	13
-1	262	11
-4	965	11
-4	265	9
-5	450	7
-5	642	9
-3	356	10
2033
2623
2954
1882
1806
1737
2740
2989
2891
1869
1702
2941
2417
2947
2411
2475
2754
1627
2733
1554
2970
2770
2032
1952
2533
2077
1683
2261
1898
2666
2694
2751
2182
1954
2606
1876
1982
1889
1739
1799
2800
2481
2928
1582
2329
1800
1723
2628
2703
1995
2754
1533
2824
1908
2476
2900
1706
2389
2995
1664
2621
2508
1668
2790
1687
2288
1691
2721
2899
2181
1745
2614
2217
1706
2547
2631
2753
2540
2063
2531
2234
2013
2466
2406
1791
2735
1664
2944
2064
2798
1694
2944
1891
2149
2891
2358
2496
1592
2741
1580
