200	5	200	10
-5	29	39
-5	27	35
-5	30	45
-1	23	41
-2	37	40
16
25
29
10
27
28
26
25
25
17
29
23
21
29
15
11
12
24
18
13
14
26
12
14
27
26
21
25
12
20
22
18
10
23
15
11
12
24
19
17
26
25
22
27
27
17
18
29
12
26
26
10
27
24
14
28
22
10
28
27
12
15
27
25
14
11
23
15
13
18
18
27
19
20
12
24
13
17
24
15
13
19
15
27
22
25
27
21
15
18
24
16
13
11
11
19
28
22
16
16
27
18
18
20
13
13
12
21
11
27
27
25
30
10
29
25
17
12
30
13
24
30
22
10
16
17
10
26
28
26
22
12
21
23
21
20
25
19
20
29
10
15
26
20
15
28
16
13
20
13
27
11
12
13
13
23
24
20
12
17
14
17
10
10
25
15
19
28
15
16
22
21
18
22
14
28
16
27
29
27
30
22
15
16
23
19
20
29
17
28
29
28
17
28
10
17
20
29
12
20
