200	10	200	10
-3	31	21
-3	37	22
-3	25	17
-3	26	17
-1	32	21
-3	38	18
-5	29	21
-1	20	19
-1	24	21
-3	24	23
38
59
52
59
37
56
53
59
35
60
52
40
43
49
58
40
36
52
38
31
59
54
39
53
52
44
52
45
56
49
49
30
56
52
49
38
44
56
60
49
36
50
55
46
39
58
55
56
32
58
41
33
60
55
57
51
52
56
38
33
58
49
37
35
55
57
57
33
57
50
30
45
32
35
34
35
49
31
59
49
33
47
37
51
48
53
56
32
36
59
42
47
34
32
57
30
57
36
58
33
43
56
37
32
47
51
32
50
32
50
39
36
45
56
47
60
57
54
45
32
55
51
56
40
33
47
41
33
51
42
57
31
31
30
60
57
50
60
45
49
59
39
44
46
41
49
30
54
37
35
58
39
33
59
50
52
60
59
45
60
57
55
55
58
56
58
56
38
50
40
57
34
44
59
36
56
34
41
52
36
36
47
32
40
31
58
45
31
49
31
31
56
58
41
48
30
42
57
60
57
