200	5	10000	10
-2	217	45
-5	945	39
-4	908	32
-2	140	34
-1	292	50
1367
761
1280
1105
531
1243
1448
1444
1373
1250
980
732
1123
1472
1114
685
533
585
963
797
616
764
942
730
1036
1396
813
1379
1399
1021
855
1004
1011
1190
740
1242
848
1064
828
916
849
1079
1447
610
1186
1307
772
1202
1040
1066
853
1193
1019
991
924
610
903
1289
1328
1323
1150
671
1474
1315
1500
906
536
1057
961
628
1261
758
1104
971
887
1105
518
1301
586
673
798
889
1348
1063
1423
1475
690
623
810
1403
1026
1431
992
1332
924
1316
1272
755
689
1172
1163
965
1322
560
817
1421
705
718
718
1277
1361
876
1475
873
968
1347
1007
983
596
529
1212
509
1492
1282
1461
1279
1458
1101
1261
588
1033
879
737
861
710
923
839
1008
819
851
1194
1175
1190
1460
1392
847
1357
1298
1300
593
637
943
526
926
1417
1366
902
875
1179
815
1107
672
1052
1475
1175
892
1031
1083
704
501
1053
1305
1063
1317
612
761
759
1488
956
1500
904
926
508
1485
1347
710
803
833
1330
1454
852
996
1432
1114
1388
638
1129
578
1077
512
