200	10	10000	10
-4	1309	24
-1	1343	24
-1	1752	15
-1	1703	19
-2	1915	24
-2	1159	22
-1	1941	15
-4	1170	18
-1	1641	19
-1	1578	20
2033
2623
2954
1882
1806
1737
2740
2989
2891
1869
2914
2187
2348
2356
2736
2456
2147
1937
2969
2070
1586
2096
1573
2373
1702
2941
2417
2947
2411
2475
2754
1627
2733
1554
2970
2770
2032
1952
2437
2832
2623
2753
1890
2312
2427
2971
2992
2349
2533
2077
1683
2261
1898
2666
1618
2405
2936
2985
2910
2025
1735
1783
2052
2694
2751
2182
1954
2606
1876
1982
1889
1739
1799
2800
2481
2928
1776
1827
2350
2745
1865
2996
1582
2329
1800
1723
2628
2703
1995
2754
1533
2824
1908
2584
2295
2614
2749
1771
1630
2167
2119
1544
1921
1765
1598
2172
2476
2900
1706
2389
2995
1664
2621
2508
1668
2790
1687
1831
2137
2486
2879
1893
2832
2643
2055
2191
2092
2190
2288
1691
2721
2899
2181
1745
2614
2217
1706
2895
2294
1530
2889
2811
2119
2547
2631
2753
2540
2063
2531
2234
1527
1956
1839
1579
1705
2842
2958
1735
2485
1754
1737
2013
2466
2406
1791
2735
1664
2944
2064
2798
2665
1814
2414
2497
2883
2838
2262
2308
1867
1703
1694
2944
1891
2149
2891
2358
2496
1592
2741
1580
1740
2708
1503
2275
2323
2251
1586
2269
2192
1806
