100	10	1000	1
0	142	6
0	194	15
0	105	11
0	169	13
0	135	10
0	117	8
0	130	8
0	197	11
0	161	6
0	145	12
252
168
165
196
202
293
175
293
153
173
275
224
167
159
165
297
250
244
197
214
267
279
222
211
224
198
183
245
295
190
263
214
299
166
295
288
297
283
198
179
187
181
155
272
167
160
253
187
283
284
154
175
168
201
280
272
276
212
290
248
276
171
300
248
240
288
235
289
239
175
241
280
234
272
289
223
216
220
179
278
241
153
214
202
165
231
227
237
174
230
290
173
158
205
257
161
286
159
160
254
