200	10	1000	1
0	24	24
0	99	25
0	73	16
0	64	19
0	14	24
0	48	21
0	52	15
0	97	18
0	29	18
0	31	20
83
120
140
73
69
64
127
143
136
73
148
138
92
103
103
127
109
90
77
141
85
55
87
54
146
62
140
107
140
106
110
128
57
127
53
141
129
83
78
108
133
120
128
74
100
107
141
143
103
114
86
61
97
150
74
122
150
106
139
142
138
82
64
67
84
124
128
92
78
119
73
80
74
64
139
131
111
139
67
70
103
127
72
143
55
101
129
68
63
120
125
80
128
52
132
75
117
99
119
66
58
91
88
52
76
66
56
92
111
137
62
105
143
60
120
113
60
130
61
70
89
86
74
133
121
84
93
87
93
99
61
126
137
92
65
119
94
62
137
99
51
136
131
88
115
120
128
115
85
114
95
51
147
78
71
54
62
133
141
64
111
65
110
106
68
127
60
140
85
131
122
69
107
112
136
133
97
100
72
62
118
74
90
136
103
112
55
127
55
65
95
125
50
98
101
96
55
98
93
69
