200	5	200	1
0	33	43
0	22	34
0	31	43
0	27	39
0	28	41
19
18
27
30
20
24
12
11
29
11
29
10
13
29
16
15
16
18
15
30
23
23
10
30
14
20
16
29
16
15
30
24
18
11
19
29
19
13
20
25
22
12
10
28
26
19
29
29
20
17
28
19
16
14
26
16
13
21
14
30
16
12
28
15
18
15
29
18
13
15
14
15
27
25
20
16
28
11
22
25
12
13
23
12
13
27
22
26
25
12
30
10
12
13
12
16
19
22
12
19
14
16
12
25
19
10
30
16
27
18
20
12
11
28
11
12
22
25
11
26
22
26
27
12
29
26
19
18
27
18
20
13
13
21
26
13
21
29
25
10
17
22
17
15
15
26
19
11
22
25
30
30
30
21
19
27
25
11
24
13
18
25
24
16
14
13
20
16
27
12
11
16
23
25
11
30
29
10
23
11
20
28
14
11
21
28
10
22
22
27
16
10
30
21
11
21
22
15
15
22
