200	5	200	1
0	13	43
0	19	34
0	7	39
0	8	40
0	14	44
54
39
53
38
59
52
52
44
52
45
59
56
49
37
56
49
30
56
52
53
59
49
35
60
38
52
44
40
56
43
49
58
60
40
36
52
49
36
50
55
38
31
59
58
46
39
58
49
37
55
35
56
32
58
55
57
57
33
41
33
57
50
30
60
45
32
35
55
57
51
34
35
52
56
49
38
33
31
59
49
58
33
43
56
37
32
33
47
47
37
51
48
51
32
50
53
32
56
32
36
59
50
42
47
39
34
36
32
45
57
30
57
56
36
47
60
57
54
45
60
45
32
49
59
39
55
51
56
44
40
33
47
41
46
33
41
49
30
51
54
42
37
57
31
35
58
39
31
30
60
33
57
59
50
52
50
60
41
59
52
45
60
57
55
36
55
58
56
36
47
32
40
31
58
56
38
58
45
31
50
49
31
31
56
40
58
57
34
41
48
30
42
57
44
59
36
56
34
60
57
