200	5	10000	10
-2	1309	48
-2	1343	34
-5	1752	46
-4	1703	33
-1	1915	39
1702
2033
2623
2954
2941
2417
2947
2411
1882
2475
1806
2754
1627
2733
1554
1737
2740
2970
2989
2891
2770
2032
1952
1869
2914
2437
2187
2832
2348
2356
2736
2456
2623
2147
1937
2969
2753
1890
2312
2427
2070
1586
2096
2971
1573
2992
2349
2373
2694
2533
2077
2751
2182
1954
2606
1876
1683
1982
1889
1739
2261
1799
2800
1898
2481
2666
2928
1618
2405
1776
1827
2936
2350
2985
2745
2910
2025
1735
1865
1783
2052
2996
1582
2329
2476
1800
2900
1706
2389
2995
1664
1723
2628
2621
2703
1995
2754
2508
1668
2790
1533
1687
2824
1908
1831
2584
2137
2295
2614
2486
2749
2879
1771
1893
1630
2167
2119
1544
2832
1921
2643
2055
2191
2092
1765
1598
2172
2190
2288
2547
2631
1691
2753
2540
2721
2899
2063
2181
1745
2614
2217
2531
1706
2234
1527
2895
2294
1956
1839
1579
1530
2889
1705
2842
2958
2811
1735
2119
2485
1754
1737
1694
2013
2944
2466
2406
1891
1791
2735
2149
1664
2944
2064
2891
2358
2496
1592
2798
2741
1580
1740
2665
1814
2708
1503
2275
2323
2414
2497
2883
2838
2251
1586
2262
2269
2192
1806
2308
1867
1703
