200	10	200	1
0	11	23
0	9	16
0	12	14
0	5	21
0	19	25
0	20	20
0	4	25
0	9	16
0	9	20
0	2	20
25
29
10
28
25
25
17
29
23
21
29
12
24
13
14
26
14
27
26
25
12
11
19
16
27
26
15
11
18
12
21
20
22
18
10
23
15
12
24
22
17
29
12
26
10
28
12
15
25
14
23
18
20
17
26
25
27
27
18
26
10
27
24
14
28
22
27
27
11
15
13
18
27
19
12
24
24
15
19
27
21
15
18
16
13
11
11
19
28
22
16
13
12
21
11
27
27
10
12
13
17
13
15
27
22
25
24
16
27
18
18
20
13
25
30
29
25
17
30
30
22
10
16
10
26
26
22
21
19
20
29
10
26
20
15
13
20
13
11
12
23
24
20
17
13
24
17
28
12
21
23
20
25
15
28
16
27
13
13
12
10
10
25
15
15
16
22
18
22
14
28
16
27
30
19
29
28
28
28
29
14
17
19
28
21
29
27
22
15
16
23
20
17
29
17
10
17
20
12
20
