100	10	1000	10
-2	17	8
-4	48	6
-5	26	6
-3	37	11
-2	16	9
-1	49	12
-5	19	13
-1	19	12
-5	49	14
-2	48	9
157
300
275
270
215
260
207
284
292
280
168
224
271
216
193
281
299
192
251
159
247
218
209
279
272
278
153
291
157
257
265
166
267
197
227
267
153
213
193
156
176
209
180
194
290
250
281
297
274
256
197
248
157
152
205
155
278
279
253
298
209
151
202
279
232
180
265
174
150
206
300
172
164
234
154
225
232
156
157
276
191
288
282
150
195
173
215
214
264
259
206
184
260
228
290
243
288
178
203
251
