100	5	10000	1
0	1989	24
0	1785	19
0	1059	22
0	1807	16
0	1692	19
1702
2033
2623
2954
2941
2417
2947
2411
1882
2475
1806
2754
1627
2733
1554
1737
2740
2970
2989
2891
2770
2032
1952
1869
2694
2533
2077
2751
2182
1954
2606
1876
1683
1982
1889
1739
2261
1799
2800
1898
2481
2666
2928
1582
2329
2476
1800
2900
1706
2389
2995
1664
1723
2628
2621
2703
1995
2754
2508
1668
2790
1533
1687
2824
1908
2288
2547
2631
1691
2753
2540
2721
2899
2063
2181
1745
2614
2217
2531
1706
2234
1694
2013
2944
2466
2406
1891
1791
2735
2149
1664
2944
2064
2891
2358
2496
1592
2798
2741
1580
