200	10	1000	10
-3	114	26
-3	132	19
-2	127	16
-5	200	18
-2	179	20
-3	199	18
-2	169	19
-2	188	16
-3	160	24
-1	184	24
147
90
52
104
87
125
143
110
79
127
126
60
107
64
105
78
117
115
113
142
91
63
87
128
64
55
147
82
125
132
73
54
87
59
94
113
136
80
120
102
122
118
70
90
101
103
63
100
79
71
100
54
145
82
108
52
122
60
71
98
103
150
84
137
117
79
135
111
148
120
119
107
66
98
125
118
120
74
71
73
88
108
120
146
81
71
132
74
63
57
56
89
101
77
64
108
119
120
51
79
65
139
115
123
112
103
73
108
75
84
82
93
66
84
76
100
58
110
53
51
114
145
116
79
76
114
89
93
136
91
136
135
93
125
61
105
113
62
139
147
147
125
61
97
57
92
113
149
64
141
90
126
133
113
103
142
104
96
134
71
119
134
99
66
149
50
82
143
107
130
51
87
98
94
112
126
67
105
89
125
96
119
150
120
64
76
100
103
54
77
149
76
91
80
67
64
59
87
150
142
