100	5	10000	1
0	1735	18
0	1126	21
0	1490	20
0	1215	15
0	1744	26
1273
817
1247
766
1437
1227
1220
958
1223
987
1445
1362
1127
748
1335
1116
527
1353
1413
1016
788
1423
1125
727
1322
688
1341
591
1397
1331
1369
1365
619
880
603
1375
1150
522
1484
541
1440
1133
1420
603
944
1347
749
582
611
1064
1060
747
1172
1093
1176
584
1145
1249
593
1364
1276
997
1491
988
595
1126
1455
794
1317
1199
1345
961
840
622
1488
866
1431
1222
983
1489
1386
1324
695
1322
1396
1334
708
1060
593
824
533
1419
1357
782
1416
998
546
1149
1120
537
