200	10	1000	10
-5	179	20
-4	118	23
-2	113	21
-5	125	21
-4	158	21
-4	148	21
-5	146	17
-4	169	24
-3	119	10
-4	113	22
252
168
165
196
202
293
235
170
256
257
150
153
221
160
159
211
259
206
248
166
175
293
153
173
275
224
167
159
165
297
250
244
197
214
267
251
265
244
283
256
172
241
201
279
222
211
224
198
183
245
295
190
263
214
171
221
215
179
287
152
219
228
189
299
299
166
295
288
297
283
198
179
187
181
155
272
167
184
190
150
175
171
260
215
160
160
253
187
283
284
154
175
168
201
280
289
183
166
200
155
202
300
188
183
234
206
272
276
212
290
248
276
171
300
273
223
199
276
256
283
292
261
235
224
236
227
171
248
240
288
235
289
239
175
241
249
162
153
203
227
294
175
205
277
280
234
272
289
223
216
220
179
278
241
153
207
192
190
285
229
175
276
179
273
181
179
224
284
214
202
165
231
227
237
198
251
175
292
174
230
290
173
158
205
257
161
286
159
160
254
246
252
293
285
180
243
160
236
188
275
