200	10	200	1
0	15	19
0	4	24
0	13	17
0	9	17
0	10	21
0	20	22
0	7	17
0	15	22
0	8	18
0	13	23
18
27
30
13
29
16
15
16
15
23
23
10
14
20
16
18
11
19
29
19
20
24
12
11
29
11
29
10
18
30
30
29
16
15
30
24
19
13
20
25
22
12
10
26
19
29
19
16
14
21
16
28
15
18
18
13
14
15
27
20
28
29
20
17
28
26
16
13
14
30
12
15
29
15
25
16
28
11
22
13
27
26
10
13
12
16
22
14
12
19
10
16
11
28
11
12
11
26
25
12
13
23
12
22
25
12
30
12
19
12
19
16
25
30
27
18
20
12
22
25
22
12
27
20
13
21
13
25
22
11
22
25
30
21
19
25
11
26
27
29
26
19
18
18
13
26
21
29
10
17
17
15
15
26
19
30
30
27
24
18
25
24
14
13
20
30
10
20
28
14
11
16
10
30
21
15
22
13
16
16
27
12
11
16
23
25
11
29
23
11
21
28
10
22
22
27
21
11
22
15
