200	5	10000	1
0	481	43
0	992	34
0	650	39
0	282	40
0	312	44
1273
817
1247
766
1437
1227
1220
958
1223
987
1445
1362
1127
748
1335
1116
527
1353
1235
1244
1459
1135
684
1489
756
1207
968
843
1348
928
1118
1405
1486
823
718
1234
1126
695
1142
1319
785
543
1431
1413
1016
788
1423
1125
727
1322
688
1341
591
1397
1331
1369
1365
619
880
603
1375
1150
522
1484
990
571
673
1307
1365
1181
638
663
1218
1357
1122
786
617
541
1440
1133
1420
603
944
1347
749
582
611
1064
1060
747
1172
1093
1176
584
1145
1249
593
1355
573
704
1439
1164
897
1057
794
635
696
565
1006
1394
522
1382
1336
710
1071
1469
1364
1276
997
1491
988
595
1126
1455
794
1317
1199
1345
961
840
622
1057
858
1015
603
867
1111
513
1197
1280
897
728
1395
532
669
1406
819
551
515
1472
602
1374
1435
1171
1229
1155
1488
866
1431
1222
983
1489
1386
1324
695
1322
1396
1334
708
1060
593
824
533
1419
1357
782
1416
998
546
1149
1120
537
540
1358
850
1421
1395
657
860
1104
501
887
1392
957
1429
692
1342
636
1460
1366
