200	5	1000	1
0	114	45
0	132	34
0	127	38
0	200	35
0	179	48
147
82
147
125
90
52
104
87
132
125
143
110
79
127
126
73
54
60
107
87
64
105
78
117
59
115
94
113
113
136
80
142
120
91
102
122
118
63
87
128
64
70
90
55
101
150
84
137
117
79
135
111
103
63
100
148
120
79
71
100
54
119
107
66
145
82
108
98
125
52
122
60
71
118
98
120
74
103
71
79
73
65
88
139
115
123
108
112
103
120
146
81
73
71
132
108
74
63
57
56
89
101
75
77
84
82
93
64
66
84
108
119
120
76
51
100
58
113
110
62
53
139
51
147
147
125
114
145
61
116
97
79
76
57
114
92
113
89
93
136
91
136
135
93
149
125
61
64
105
141
90
126
67
105
133
113
103
142
104
96
134
89
125
71
119
134
99
66
149
96
50
119
150
120
64
82
143
76
107
130
100
103
51
54
77
149
76
87
91
98
94
112
126
80
67
64
59
87
150
142
