100	10	10000	10
-5	506	18
-2	249	6
-5	136	7
-4	836	11
-2	264	11
-5	556	4
-1	821	10
-4	618	11
-5	794	15
-3	536	7
2499
2744
2150
1545
2364
2706
3000
2461
1964
2747
2372
2208
2728
1670
2427
1733
2384
1961
1929
2710
2639
1870
1566
2050
2861
1721
2306
1970
2779
1642
2580
2045
2905
2580
2632
2207
2886
2872
2483
2622
2649
2075
1629
2441
1880
2121
2628
2205
1826
2844
2827
1885
1722
1747
2939
2485
2431
2834
2298
1518
1544
2534
2327
2566
2230
2138
2203
1741
2420
2925
2396
2703
1677
2258
2223
2346
2178
2516
2830
2977
2364
2251
2859
1845
1908
2328
2051
2285
1764
2667
1909
2602
2995
1775
2131
2714
2204
2776
2627
1928
