100	5	10000	1
0	506	24
0	249	18
0	136	15
0	836	21
0	264	22
1929
2499
2744
2710
2150
1545
2364
2639
2706
3000
2461
1964
2747
2372
2208
2728
1870
1566
1670
2427
2050
1733
2384
1961
2045
2905
2580
2632
2207
2886
2872
2483
2861
1721
2306
2622
2649
1970
2075
2779
1642
2580
1629
2441
1880
1747
2121
2939
2485
2628
2205
1826
2844
2827
2431
1885
1722
1741
2420
2834
2298
2925
1518
2396
1544
2703
2534
2327
1677
2566
2258
2223
2346
2230
2178
2516
2138
2203
1775
2830
2977
2364
2251
2859
2131
2714
1845
1908
2328
2204
2051
2285
1764
2667
1909
2602
2776
2627
2995
1928
