100	10	10000	10
-1	1672	13
-1	1279	7
-3	1663	7
-4	1728	11
-3	1301	7
-4	1465	8
-2	1719	9
-3	1329	12
-1	1508	16
-3	1485	10
1280
531
1243
1448
1373
1250
980
732
1123
1472
1114
585
963
1367
761
1105
1444
685
533
797
924
610
903
1328
1150
671
1474
1307
772
1202
1040
1066
853
1193
1019
991
1289
1323
1475
690
810
1431
1316
1272
755
1423
623
1403
1026
992
1332
924
689
983
529
509
1492
1458
1261
1033
737
710
1007
596
1212
1282
1461
1279
1101
588
879
861
923
839
526
926
1417
1366
875
1179
672
1052
1175
892
1031
1083
704
501
1317
761
637
943
902
815
1107
1475
1053
1305
1063
612
