200	5	1000	10
-1	80	40
-3	19	39
-3	19	44
-4	12	40
-4	91	37
157
292
300
280
275
270
215
168
224
271
216
260
207
284
168
183
293
280
238
277
166
237
237
294
286
177
225
153
255
190
231
156
252
266
242
221
264
228
235
206
247
218
209
279
272
193
278
153
281
291
157
299
192
257
251
159
265
182
267
246
154
294
286
171
193
287
224
275
187
290
160
257
192
175
214
200
233
227
173
166
176
209
267
197
180
227
194
290
250
281
297
267
274
256
153
213
197
193
156
248
165
162
229
294
252
201
204
290
218
279
244
176
218
267
288
290
272
250
166
241
203
297
168
180
265
174
157
150
152
205
206
155
278
300
279
253
172
298
209
151
202
164
279
234
154
225
232
232
190
199
176
236
174
286
160
168
300
179
261
231
288
208
212
184
260
156
157
276
191
228
288
290
282
243
150
288
195
173
178
215
214
203
264
259
206
251
205
202
260
225
233
298
169
225
211
225
196
231
289
298
