100	10	10000	10
-5	1735	6
-4	1126	12
-5	1490	10
-1	1215	11
-3	1744	9
-1	1819	11
-2	1062	9
-1	1959	6
-3	1695	13
-3	1023	13
766
1437
1227
1445
748
1335
1273
817
1247
1220
958
1223
987
1362
1127
1116
527
1353
1016
788
1423
1322
1341
591
1397
880
603
1484
1413
1125
727
688
1331
1369
1365
619
1375
1150
522
541
1440
1133
611
1064
747
1172
1093
1249
1420
603
944
1347
749
582
1060
1176
584
1145
593
1364
1276
997
595
1317
1199
1345
840
622
1491
988
1126
1455
794
961
1488
1431
983
1489
1386
1324
1322
1396
1334
1419
1357
782
1149
866
1222
695
708
1060
593
824
533
1416
998
546
1120
537
