200	10	10000	1
0	1554	30
0	1212	19
0	1314	16
0	1203	21
0	1252	23
0	1369	14
0	1083	20
0	1839	17
0	1287	22
0	1091	18
2499
2744
2150
1545
2364
2706
3000
2461
1964
2747
2372
2208
2728
1670
2427
1733
2384
1961
2572
1767
2648
2542
2523
2985
2156
1720
2105
2756
1735
1581
1929
2710
2639
1870
1566
2050
1644
2210
2508
2881
1980
2628
2332
2659
2594
1831
1825
2144
2316
2861
1721
2306
1970
2779
1642
2580
2313
1572
1537
2653
1673
1847
2278
2423
2030
2045
2905
2580
2632
2207
2886
2872
2483
2622
2649
2075
2615
2423
1757
2709
2274
2711
2602
2626
1884
2894
1629
2441
1880
2121
2628
2205
1826
2844
2827
1885
1722
1620
1597
2135
2656
2323
1936
1733
2437
2611
2626
1521
1728
1747
2939
2485
2431
1911
2048
2022
2193
1756
2046
1925
2301
1631
2855
2834
2298
1518
1544
2534
2327
2566
2230
2138
2203
2888
2157
1824
2880
2863
2194
2703
1687
2701
2391
1741
2420
2925
2396
2703
1677
2258
2223
2346
2178
2516
2667
2964
2957
2155
2731
2611
2830
2977
2364
2251
2859
1845
1908
2328
2051
2285
1764
2667
1909
2602
2995
2412
2791
2106
2276
2204
2492
2729
1775
2131
2714
2204
2776
2627
1928
2308
1851
1921
2166
1981
1777
1734
1656
2105
2987
1940
