200	5	1000	10
-4	179	43
-3	118	42
-5	113	42
-2	125	41
-1	158	32
175
293
153
252
173
275
224
167
159
165
168
297
250
244
197
165
196
202
214
293
267
235
170
256
257
150
153
251
265
221
160
244
159
211
283
256
259
172
206
248
241
166
201
299
279
222
166
295
211
288
297
224
198
183
283
198
179
245
187
181
155
272
167
295
190
263
214
184
190
171
150
175
221
215
179
287
152
219
228
189
171
299
260
215
160
160
253
272
187
283
276
212
290
248
284
276
171
300
154
175
168
201
280
289
273
223
183
199
166
276
256
200
155
283
202
292
261
300
188
235
224
183
234
236
227
171
206
248
280
234
240
272
289
223
216
288
220
179
235
289
239
278
175
241
153
241
249
207
192
190
285
229
162
153
175
276
203
179
227
273
181
179
294
175
224
205
284
277
174
214
230
202
165
231
227
290
173
158
205
257
161
286
159
160
237
254
246
252
293
198
285
180
243
160
236
188
251
175
292
275
