100	5	10000	1
0	1672	20
0	1279	18
0	1663	15
0	1728	21
0	1301	26
1367
761
1280
1105
531
1243
1448
1444
1373
1250
980
732
1123
1472
1114
685
533
585
963
797
1307
772
1202
1040
1066
853
1193
1019
991
924
610
903
1289
1328
1323
1150
671
1474
1423
1475
690
623
810
1403
1026
1431
992
1332
924
1316
1272
755
689
1007
983
596
529
1212
509
1492
1282
1461
1279
1458
1101
1261
588
1033
879
737
861
710
923
839
637
943
526
926
1417
1366
902
875
1179
815
1107
672
1052
1475
1175
892
1031
1083
704
501
1053
1305
1063
1317
612
761
