200	5	10000	10
-3	654	49
-1	312	37
-3	414	37
-1	303	37
-4	352	40
1929
2499
2744
2710
2150
1545
2364
2639
2706
3000
2461
1964
2747
2372
2208
2728
1870
1566
1670
2427
2050
1733
2384
1961
2572
1644
1767
2648
2542
2210
2508
2523
2881
1980
2985
2628
2156
2332
2659
2594
1720
2105
2756
1735
1831
1825
2144
1581
2316
2045
2905
2580
2632
2207
2886
2872
2483
2861
1721
2306
2622
2649
1970
2075
2779
1642
2580
2313
1572
2615
2423
1757
2709
2274
2711
1537
2653
1673
1847
2602
2278
2626
1884
2423
2894
2030
1629
2441
1880
1747
2121
2939
2485
2628
2205
1826
2844
2827
2431
1885
1722
1620
1597
2135
2656
2323
1911
1936
2048
2022
2193
1733
1756
2046
2437
2611
2626
1925
1521
2301
1631
1728
2855
1741
2420
2834
2298
2925
1518
2396
1544
2703
2534
2327
1677
2566
2258
2223
2346
2230
2178
2516
2138
2203
2888
2157
1824
2667
2880
2863
2194
2964
2703
1687
2701
2391
2957
2155
2731
2611
1775
2830
2977
2364
2251
2859
2131
2714
1845
1908
2328
2204
2051
2285
1764
2667
1909
2602
2776
2627
2995
1928
2412
2791
2308
1851
1921
2106
2166
2276
2204
2492
2729
1981
1777
1734
1656
2105
2987
1940
