200	5	1000	10
-3	114	49
-3	189	35
-2	163	45
-2	154	33
-5	104	38
146
62
83
120
140
140
107
140
106
73
110
69
128
57
127
53
64
127
141
143
136
129
83
78
73
148
138
108
92
133
103
103
127
109
120
90
77
141
128
74
100
107
85
55
87
141
54
143
103
124
114
86
128
92
78
119
73
61
80
74
64
97
150
139
131
74
111
122
139
150
106
67
70
139
103
142
127
138
82
64
72
67
84
143
55
101
111
129
68
137
62
105
143
60
63
120
120
125
80
128
113
60
130
52
61
132
75
70
117
89
99
119
86
66
74
58
91
88
52
133
76
121
84
93
87
66
56
92
93
99
115
120
61
128
115
126
137
85
92
65
119
94
114
62
95
51
137
147
99
78
71
54
51
136
62
133
141
131
64
88
111
65
118
110
106
74
68
127
90
60
140
85
136
103
112
55
131
127
55
65
122
69
95
125
50
98
101
107
112
136
133
96
55
97
98
93
69
100
72
62
