200	10	200	1
0	20	26
0	15	20
0	7	18
0	5	21
0	16	19
0	7	13
0	9	19
0	7	14
0	5	27
0	15	23
54
30
43
59
57
53
45
37
49
60
49
32
44
33
43
37
46
58
58
46
45
53
40
33
51
33
57
38
48
59
35
31
39
38
39
57
41
45
51
37
40
47
43
40
48
59
43
33
42
55
50
35
60
42
31
53
38
44
30
55
32
35
42
56
55
38
51
46
47
41
51
46
45
54
55
55
47
44
34
48
42
48
39
47
36
60
35
39
59
55
54
37
51
50
31
39
58
36
36
56
60
41
44
56
58
33
58
46
45
56
43
35
44
55
36
54
41
45
30
30
59
53
46
37
36
39
40
51
51
51
60
57
40
56
55
32
45
33
52
54
60
54
48
32
41
41
43
40
45
54
30
43
58
57
41
51
35
47
51
42
46
48
36
30
55
38
38
44
50
30
39
59
41
45
59
49
48
34
43
42
39
48
60
47
55
47
33
36
42
43
60
56
36
40
55
57
34
49
32
30
