200	10	1000	10
-4	170	19
-4	109	21
-2	193	15
-1	109	24
-5	102	22
-3	181	22
-1	101	23
-5	137	17
-2	196	17
-2	145	20
157
300
275
270
215
260
207
284
183
293
280
277
166
177
225
231
156
228
206
292
280
168
224
271
216
168
238
237
237
294
286
153
255
190
252
266
242
221
264
235
193
281
299
192
251
159
267
154
294
171
193
275
187
257
233
247
218
209
279
272
278
153
291
157
257
265
182
246
286
287
224
290
160
192
175
214
200
227
173
166
267
197
227
267
153
213
193
156
165
162
229
294
252
204
279
267
288
290
241
203
168
176
209
180
194
290
250
281
297
274
256
197
248
201
290
218
244
176
218
272
250
166
297
157
152
205
155
278
279
253
298
209
151
202
279
232
190
176
236
174
160
168
300
261
208
212
180
265
174
150
206
300
172
164
234
154
225
232
199
286
179
231
288
156
157
276
191
288
282
150
195
173
215
214
264
259
206
225
298
196
184
260
228
290
243
288
178
203
251
205
202
260
233
169
225
211
225
231
289
298
