200	5	200	10
-2	38	46
-2	33	39
-2	25	32
-1	23	33
-4	34	50
57
38
54
48
30
43
59
59
57
53
45
37
49
60
49
35
31
32
44
39
33
38
43
37
46
58
39
57
58
46
41
45
45
51
37
53
40
47
40
43
40
48
59
33
51
33
55
38
51
46
47
41
51
46
45
43
33
42
54
55
55
50
35
60
55
42
31
47
44
34
53
38
48
44
42
48
30
55
32
35
39
42
56
47
36
58
60
35
33
39
58
46
59
45
56
43
55
54
37
35
51
50
44
55
31
39
58
36
36
36
54
56
41
60
41
44
56
45
45
33
30
52
30
54
60
54
59
48
53
32
46
41
37
41
36
43
40
45
39
40
51
51
51
60
57
40
56
54
55
32
34
43
30
43
58
57
42
41
51
39
48
35
47
60
51
42
46
48
36
30
47
55
47
55
33
38
38
36
44
50
42
43
30
60
56
36
39
40
55
59
41
45
59
49
57
34
49
32
48
30
