200	10	10000	1
0	1381	21
0	1892	22
0	1550	17
0	1182	17
0	1212	21
0	1384	18
0	1601	21
0	1298	19
0	1009	21
0	1141	23
766
1437
1227
1445
748
1335
1244
1459
684
1489
1207
843
928
1118
1405
823
718
1234
785
543
1431
1273
817
1247
1220
958
1223
987
1362
1127
1116
527
1353
1235
1135
756
968
1348
1486
1126
695
1142
1319
1016
788
1423
1322
1341
591
1397
880
603
1484
1307
1365
1181
1218
1357
786
617
1413
1125
727
688
1331
1369
1365
619
1375
1150
522
990
571
673
638
663
1122
541
1440
1133
611
1064
747
1172
1093
1249
1355
573
704
1439
897
1057
635
565
1394
522
1382
710
1420
603
944
1347
749
582
1060
1176
584
1145
593
1164
794
696
1006
1336
1071
1469
1364
1276
997
595
1317
1199
1345
840
622
1057
858
603
1197
897
1395
532
551
515
1472
1374
1155
1491
988
1126
1455
794
961
1015
867
1111
513
1280
728
669
1406
819
602
1435
1171
1229
1488
1431
983
1489
1386
1324
1322
1396
1334
1419
1357
782
1149
850
1395
657
957
1429
692
1342
636
866
1222
695
708
1060
593
824
533
1416
998
546
1120
537
540
1358
1421
860
1104
501
887
1392
1460
1366
